t 1 1 1 0.1 0.1 200 400 0 0.4 0.8 450 10 0 0.9 0.1
t 0 0 1 0.1 0.1 0 250 0 0.4 0.8 500 500 0 0.9 0.1
t 0 0 1 0.1 0.1 250 0 0 0.4 0.8 500 500 0 0.9 0.1
t 1 500 1 0.1 0.1 44 10 0 0.9 0.1 500 300 0 0.4 0.8 
t 400 550 1 0.1 0.1 1 1 0 0.9 0.1 700 0 0 0.4 0.8 
t 450 34 1 0.4 0.8 1 1 0 0.1 0.1 200 400 0 0.9 0.1
t 450 40 1 0.1 0.1 1 1 0 0.4 0.8 200 400 0 0.9 0.1
t 1 1 1 0.1 0.1 200 400 0 0.4 0.8 450 10 0 0.9 0.1
t 1 1 1 0.1 0.1 450 10 0 0.9 0.1 200 400 0 0.4 0.8 
t 450 10 1 0.1 0.1 1 1 0 0.9 0.1 200 400 0 0.4 0.8 
t 45 3 1 0.1 0.1 1 1 0 0.9 0.1 260 490 0 0.4 0.8 
t 45 3 1 0.1 0.1 45 3 0 0.9 0.1 45 3 0 0.4 0.8 
t 250 250 0 0 0 500 0 0 0.5 0.5 0 0 0 1 1
t 1 1 1 0.1 0.1 200 400 0 0.4 0.8 450 10 0 0.9 0.2
t 1 1 1 0.1 0.1 450 10 0 0.9 0.3 200 400 0 0.4 0.8 
t 450 10 1 0.1 0.1 1 1 0 0.9 0.9 200 400 0 0.4 0.8 
t 350 60 35 0.1 0.1 30 50 70 0.5 0.5 0 0 0 0.9 0.9
t 40 350 6 0.1 0.1 350 350 70 0.7 0.5 460 50 0 0.3 0.9
t 40 350 6 0.1 0.1 40 70 0 0.5 0.5 460 50 0 0.4 0.7
t 40 350 6 0.1 0.1 40 70 0 0.8 0.8 460 70 0 0.2 0.3
t 40 350 6 0.1 0.1 40 350 6 0.7 0.7 40 350 6 0.7 0.1
t 50 60 70 0.4 0.4 50 60 70 0.1 0.1 340 250 0 0.5 0.4
t 400 100 0 0.1 0.1 200 100 0 0.6 0.9 300 300 0.4 0.4
t 100 10 0 0.4 0.4 90 10 0 0.5 0.1 90 200 0 0.9 0.1
t 10 200 0 0.4 0.6 10 70 0 0.1 0.1 470 430 0 0.41 0.8
t 20 130 0 0.6 0.6 370 300 0 0.1 0.6 370 50 0 0.3 0.8
t 300 300 0 0.8 0.8 100 100 0 0.4 0.1 100 100 0 0.1 0.7
t 50 50 0 0.4 0.7 400 200 0 0.1 0.2 400 50 0 0.4 0.5
t 50 50 0 0.1 0.1 300 50 0 0.8 0.3 150 50 0 0.4 0.7
t 150 400 0 0.4 0.4 150 100 0 0.1 0.4 400 150 0.16 0.14
t 30 40 50 0.9 0.8 10 120 0 0.2 0.1 40 250 0 0.3 0.2
t 30 10 0 0.2 0.1 30 300 0 0.8 0.4 30 200 0 0.7 0.3